it time: 0
state value function: [[0, -1.0, -1.0, -1.0], [-1.0, -1.0, -1.0, -1.0], [-1.0, -1.0, -1.0, -1.0], [-1.0, -1.0, -1.0, 0]]
action possibility: [[[0.25, 0.25, 0.25, 0.25], array([ 1.,  0.,  0.,  0.]), array([ 0.25,  0.25,  0.25,  0.25]), array([ 0.25,  0.25,  0.25,  0.25])], [array([ 0.,  1.,  0.,  0.]), array([ 0.25,  0.25,  0.25,  0.25]), array([ 0.25,  0.25,  0.25,  0.25]), array([ 0.25,  0.25,  0.25,  0.25])], [array([ 0.25,  0.25,  0.25,  0.25]), array([ 0.25,  0.25,  0.25,  0.25]), array([ 0.25,  0.25,  0.25,  0.25]), array([ 0.,  0.,  0.,  1.])], [array([ 0.25,  0.25,  0.25,  0.25]), array([ 0.25,  0.25,  0.25,  0.25]), array([ 0.,  0.,  1.,  0.]), [0.25, 0.25, 0.25, 0.25]]]
1 [[0, -1.75, -1.0, -1.0], [-1.0, -1.0, -1.0, -1.0], [-1.0, -1.0, -1.0, -1.0], [-1.0, -1.0, -1.0, 0]]
2 [[0, -1.75, -2.0, -1.0], [-1.0, -1.0, -1.0, -1.0], [-1.0, -1.0, -1.0, -1.0], [-1.0, -1.0, -1.0, 0]]
it time: 1
state value function: [[0, -1.75, -2.0, -2.0], [-1.75, -2.0, -2.0, -2.0], [-2.0, -2.0, -2.0, -1.75], [-2.0, -2.0, -1.75, 0]]
action possibility: [[[0.25, 0.25, 0.25, 0.25], array([ 1.,  0.,  0.,  0.]), array([ 1.,  0.,  0.,  0.]), array([ 0.25,  0.25,  0.25,  0.25])], [array([ 0.,  1.,  0.,  0.]), array([ 0.5,  0.5,  0. ,  0. ]), array([ 0.25,  0.25,  0.25,  0.25]), array([ 0.,  0.,  0.,  1.])], [array([ 0.,  1.,  0.,  0.]), array([ 0.25,  0.25,  0.25,  0.25]), array([ 0. ,  0. ,  0.5,  0.5]), array([ 0.,  0.,  0.,  1.])], [array([ 0.25,  0.25,  0.25,  0.25]), array([ 0.,  0.,  1.,  0.]), array([ 0.,  0.,  1.,  0.]), [0.25, 0.25, 0.25, 0.25]]]
1 [[0, -2.4375, -2.0, -2.0], [-1.75, -2.0, -2.0, -2.0], [-2.0, -2.0, -2.0, -1.75], [-2.0, -2.0, -1.75, 0]]
2 [[0, -2.4375, -2.9375, -2.0], [-1.75, -2.0, -2.0, -2.0], [-2.0, -2.0, -2.0, -1.75], [-2.0, -2.0, -1.75, 0]]
it time: 2
state value function: [[0, -2.4375, -2.9375, -3.0], [-2.4375, -2.875, -3.0, -2.9375], [-2.9375, -3.0, -2.875, -2.4375], [-3.0, -2.9375, -2.4375, 0]]
action possibility: [[[0.25, 0.25, 0.25, 0.25], array([ 1.,  0.,  0.,  0.]), array([ 1.,  0.,  0.,  0.]), array([ 0.5,  0. ,  0. ,  0.5])], [array([ 0.,  1.,  0.,  0.]), array([ 0.5,  0.5,  0. ,  0. ]), array([ 0.5,  0. ,  0. ,  0.5]), array([ 0.,  0.,  0.,  1.])], [array([ 0.,  1.,  0.,  0.]), array([ 0. ,  0.5,  0.5,  0. ]), array([ 0. ,  0. ,  0.5,  0.5]), array([ 0.,  0.,  0.,  1.])], [array([ 0. ,  0.5,  0.5,  0. ]), array([ 0.,  0.,  1.,  0.]), array([ 0.,  0.,  1.,  0.]), [0.25, 0.25, 0.25, 0.25]]]
1 [[0, -3.0625, -2.9375, -3.0], [-2.4375, -2.875, -3.0, -2.9375], [-2.9375, -3.0, -2.875, -2.4375], [-3.0, -2.9375, -2.4375, 0]]
2 [[0, -3.0625, -3.84375, -3.0], [-2.4375, -2.875, -3.0, -2.9375], [-2.9375, -3.0, -2.875, -2.4375], [-3.0, -2.9375, -2.4375, 0]]
it time: 3
state value function: [[0, -3.0625, -3.84375, -3.96875], [-3.0625, -3.71875, -3.90625, -3.84375], [-3.84375, -3.90625, -3.71875, -3.0625], [-3.96875, -3.84375, -3.0625, 0]]
action possibility: [[[0.25, 0.25, 0.25, 0.25], array([ 1.,  0.,  0.,  0.]), array([ 1.,  0.,  0.,  0.]), array([ 0.5,  0. ,  0. ,  0.5])], [array([ 0.,  1.,  0.,  0.]), array([ 0.5,  0.5,  0. ,  0. ]), array([ 0.5,  0. ,  0. ,  0.5]), array([ 0.,  0.,  0.,  1.])], [array([ 0.,  1.,  0.,  0.]), array([ 0. ,  0.5,  0.5,  0. ]), array([ 0. ,  0. ,  0.5,  0.5]), array([ 0.,  0.,  0.,  1.])], [array([ 0. ,  0.5,  0.5,  0. ]), array([ 0.,  0.,  1.,  0.]), array([ 0.,  0.,  1.,  0.]), [0.25, 0.25, 0.25, 0.25]]]
1 [[0, -3.65625, -3.84375, -3.96875], [-3.0625, -3.71875, -3.90625, -3.84375], [-3.84375, -3.90625, -3.71875, -3.0625], [-3.96875, -3.84375, -3.0625, 0]]
2 [[0, -3.65625, -4.6953125, -3.96875], [-3.0625, -3.71875, -3.90625, -3.84375], [-3.84375, -3.90625, -3.71875, -3.0625], [-3.96875, -3.84375, -3.0625, 0]]
it time: 4
state value function: [[0, -3.65625, -4.6953125, -4.90625], [-3.65625, -4.484375, -4.78125, -4.6953125], [-4.6953125, -4.78125, -4.484375, -3.65625], [-4.90625, -4.6953125, -3.65625, 0]]
action possibility: [[[0.25, 0.25, 0.25, 0.25], array([ 1.,  0.,  0.,  0.]), array([ 1.,  0.,  0.,  0.]), array([ 0.5,  0. ,  0. ,  0.5])], [array([ 0.,  1.,  0.,  0.]), array([ 0.5,  0.5,  0. ,  0. ]), array([ 0.5,  0. ,  0. ,  0.5]), array([ 0.,  0.,  0.,  1.])], [array([ 0.,  1.,  0.,  0.]), array([ 0. ,  0.5,  0.5,  0. ]), array([ 0. ,  0. ,  0.5,  0.5]), array([ 0.,  0.,  0.,  1.])], [array([ 0. ,  0.5,  0.5,  0. ]), array([ 0.,  0.,  1.,  0.]), array([ 0.,  0.,  1.,  0.]), [0.25, 0.25, 0.25, 0.25]]]
1 [[0, -4.208984375, -4.6953125, -4.90625], [-3.65625, -4.484375, -4.78125, -4.6953125], [-4.6953125, -4.78125, -4.484375, -3.65625], [-4.90625, -4.6953125, -3.65625, 0]]
2 [[0, -4.208984375, -5.509765625, -4.90625], [-3.65625, -4.484375, -4.78125, -4.6953125], [-4.6953125, -4.78125, -4.484375, -3.65625], [-4.90625, -4.6953125, -3.65625, 0]]
it time: 5
state value function: [[0, -4.208984375, -5.509765625, -5.80078125], [-4.208984375, -5.21875, -5.58984375, -5.509765625], [-5.509765625, -5.58984375, -5.21875, -4.208984375], [-5.80078125, -5.509765625, -4.208984375, 0]]
action possibility: [[[0.25, 0.25, 0.25, 0.25], array([ 1.,  0.,  0.,  0.]), array([ 1.,  0.,  0.,  0.]), array([ 0.5,  0. ,  0. ,  0.5])], [array([ 0.,  1.,  0.,  0.]), array([ 0.5,  0.5,  0. ,  0. ]), array([ 0.5,  0. ,  0. ,  0.5]), array([ 0.,  0.,  0.,  1.])], [array([ 0.,  1.,  0.,  0.]), array([ 0. ,  0.5,  0.5,  0. ]), array([ 0. ,  0. ,  0.5,  0.5]), array([ 0.,  0.,  0.,  1.])], [array([ 0. ,  0.5,  0.5,  0. ]), array([ 0.,  0.,  1.,  0.]), array([ 0.,  0.,  1.,  0.]), [0.25, 0.25, 0.25, 0.25]]]
1 [[0, -4.734375, -5.509765625, -5.80078125], [-4.208984375, -5.21875, -5.58984375, -5.509765625], [-5.509765625, -5.58984375, -5.21875, -4.208984375], [-5.80078125, -5.509765625, -4.208984375, 0]]
2 [[0, -4.734375, -6.27734375, -5.80078125], [-4.208984375, -5.21875, -5.58984375, -5.509765625], [-5.509765625, -5.58984375, -5.21875, -4.208984375], [-5.80078125, -5.509765625, -4.208984375, 0]]
it time: 6
state value function: [[0, -4.734375, -6.27734375, -6.6552734375], [-4.734375, -5.8994140625, -6.3642578125, -6.27734375], [-6.27734375, -6.3642578125, -5.8994140625, -4.734375], [-6.6552734375, -6.27734375, -4.734375, 0]]
action possibility: [[[0.25, 0.25, 0.25, 0.25], array([ 1.,  0.,  0.,  0.]), array([ 1.,  0.,  0.,  0.]), array([ 0.5,  0. ,  0. ,  0.5])], [array([ 0.,  1.,  0.,  0.]), array([ 0.5,  0.5,  0. ,  0. ]), array([ 0.5,  0. ,  0. ,  0.5]), array([ 0.,  0.,  0.,  1.])], [array([ 0.,  1.,  0.,  0.]), array([ 0. ,  0.5,  0.5,  0. ]), array([ 0. ,  0. ,  0.5,  0.5]), array([ 0.,  0.,  0.,  1.])], [array([ 0. ,  0.5,  0.5,  0. ]), array([ 0.,  0.,  1.,  0.]), array([ 0.,  0.,  1.,  0.]), [0.25, 0.25, 0.25, 0.25]]]
1 [[0, -5.227783203125, -6.27734375, -6.6552734375], [-4.734375, -5.8994140625, -6.3642578125, -6.27734375], [-6.27734375, -6.3642578125, -5.8994140625, -4.734375], [-6.6552734375, -6.27734375, -4.734375, 0]]
2 [[0, -5.227783203125, -7.0078125, -6.6552734375], [-4.734375, -5.8994140625, -6.3642578125, -6.27734375], [-6.27734375, -6.3642578125, -5.8994140625, -4.734375], [-6.6552734375, -6.27734375, -4.734375, 0]]
it time: 7
state value function: [[0, -5.227783203125, -7.0078125, -7.46630859375], [-5.227783203125, -6.54931640625, -7.08837890625, -7.0078125], [-7.0078125, -7.08837890625, -6.54931640625, -5.227783203125], [-7.46630859375, -7.0078125, -5.227783203125, 0]]
action possibility: [[[0.25, 0.25, 0.25, 0.25], array([ 1.,  0.,  0.,  0.]), array([ 1.,  0.,  0.,  0.]), array([ 0.5,  0. ,  0. ,  0.5])], [array([ 0.,  1.,  0.,  0.]), array([ 0.5,  0.5,  0. ,  0. ]), array([ 0.5,  0. ,  0. ,  0.5]), array([ 0.,  0.,  0.,  1.])], [array([ 0.,  1.,  0.,  0.]), array([ 0. ,  0.5,  0.5,  0. ]), array([ 0. ,  0. ,  0.5,  0.5]), array([ 0.,  0.,  0.,  1.])], [array([ 0. ,  0.5,  0.5,  0. ]), array([ 0.,  0.,  1.,  0.]), array([ 0.,  0.,  1.,  0.]), [0.25, 0.25, 0.25, 0.25]]]
1 [[0, -5.69622802734375, -7.0078125, -7.46630859375], [-5.227783203125, -6.54931640625, -7.08837890625, -7.0078125], [-7.0078125, -7.08837890625, -6.54931640625, -5.227783203125], [-7.46630859375, -7.0078125, -5.227783203125, 0]]
2 [[0, -5.69622802734375, -7.69757080078125, -7.46630859375], [-5.227783203125, -6.54931640625, -7.08837890625, -7.0078125], [-7.0078125, -7.08837890625, -6.54931640625, -5.227783203125], [-7.46630859375, -7.0078125, -5.227783203125, 0]]
it time: 8
state value function: [[0, -5.69622802734375, -7.69757080078125, -8.237060546875], [-5.69622802734375, -7.1580810546875, -7.778564453125, -7.69757080078125], [-7.69757080078125, -7.778564453125, -7.1580810546875, -5.69622802734375], [-8.237060546875, -7.69757080078125, -5.69622802734375, 0]]
action possibility: [[[0.25, 0.25, 0.25, 0.25], array([ 1.,  0.,  0.,  0.]), array([ 1.,  0.,  0.,  0.]), array([ 0.5,  0. ,  0. ,  0.5])], [array([ 0.,  1.,  0.,  0.]), array([ 0.5,  0.5,  0. ,  0. ]), array([ 0.5,  0. ,  0. ,  0.5]), array([ 0.,  0.,  0.,  1.])], [array([ 0.,  1.,  0.,  0.]), array([ 0. ,  0.5,  0.5,  0. ]), array([ 0. ,  0. ,  0.5,  0.5]), array([ 0.,  0.,  0.,  1.])], [array([ 0. ,  0.5,  0.5,  0. ]), array([ 0.,  0.,  1.,  0.]), array([ 0.,  0.,  1.,  0.]), [0.25, 0.25, 0.25, 0.25]]]
1 [[0, -6.137969970703125, -7.69757080078125, -8.237060546875], [-5.69622802734375, -7.1580810546875, -7.778564453125, -7.69757080078125], [-7.69757080078125, -7.778564453125, -7.1580810546875, -5.69622802734375], [-8.237060546875, -7.69757080078125, -5.69622802734375, 0]]
2 [[0, -6.137969970703125, -8.35235595703125, -8.237060546875], [-5.69622802734375, -7.1580810546875, -7.778564453125, -7.69757080078125], [-7.69757080078125, -7.778564453125, -7.1580810546875, -5.69622802734375], [-8.237060546875, -7.69757080078125, -5.69622802734375, 0]]
it time: 9
state value function: [[0, -6.137969970703125, -8.35235595703125, -8.967315673828125], [-6.137969970703125, -7.737396240234375, -8.427825927734375, -8.35235595703125], [-8.35235595703125, -8.427825927734375, -7.737396240234375, -6.137969970703125], [-8.967315673828125, -8.35235595703125, -6.137969970703125, 0]]
action possibility: [[[0.25, 0.25, 0.25, 0.25], array([ 1.,  0.,  0.,  0.]), array([ 1.,  0.,  0.,  0.]), array([ 0.5,  0. ,  0. ,  0.5])], [array([ 0.,  1.,  0.,  0.]), array([ 0.5,  0.5,  0. ,  0. ]), array([ 0.5,  0. ,  0. ,  0.5]), array([ 0.,  0.,  0.,  1.])], [array([ 0.,  1.,  0.,  0.]), array([ 0. ,  0.5,  0.5,  0. ]), array([ 0. ,  0. ,  0.5,  0.5]), array([ 0.,  0.,  0.,  1.])], [array([ 0. ,  0.5,  0.5,  0. ]), array([ 0.,  0.,  1.,  0.]), array([ 0.,  0.,  1.,  0.]), [0.25, 0.25, 0.25, 0.25]]]
