inner loop : 500

sarsa track
[[3, 0, 1], [2, 0, 1], [1, 0, 2], [1, 1, 1], [0, 1, 2], [0, 2, 2], [0, 3, 2], [0, 4, 2], [0, 5, 2], [0, 6, 2], [0, 7, 2],
[0, 8, 2], [0, 9, 3], [1, 9, 2], [1, 10, 2], [1, 11, 3], [2, 11, 3], [3, 11, 2]]


q learning track
[[3, 0, 1], [2, 0, 2], [2, 1, 2], [2, 2, 2], [2, 3, 2], [2, 4, 2], [2, 5, 2], [2, 6, 2], [2, 7, 2], [2, 8, 2], [2, 9, 2],
[2, 10, 2], [2, 11, 3], [3, 11, 2]]

sarsa track (epsilon = 0.0005)
[[3, 0, 1], [2, 0, 2], [2, 1, 2], [2, 2, 1], [1, 2, 1], [0, 2, 2], [0, 3, 2], [0, 4, 2], [0, 5, 2], [0, 6, 2], [0, 7, 2],
 [0, 8, 2], [0, 9, 2], [0, 10, 3], [1, 10, 3], [2, 10, 2], [2, 11, 3], [3, 11, 0]]

sarsa track (lamda = 0.3)
[[3, 0, 1], [2, 0, 1], [1, 0, 2], [1, 1, 2], [1, 2, 2], [1, 3, 2], [1, 4, 2], [1, 5, 2], [1, 6, 2], [1, 7, 2], [1, 8, 2],
 [1, 9, 2], [1, 10, 2], [1, 11, 3], [2, 11, 3], [3, 11, 2]]


sarsa track (lamda = 0)(sarsa(0))
[[3, 0, 1], [2, 0, 2], [2, 1, 2], [2, 2, 2], [2, 3, 2], [2, 4, 2], [2, 5, 2], [2, 6, 2], [2, 7, 2], [2, 8, 2], [2, 9, 2],
[2, 10, 2], [2, 11, 3], [3, 11, 0]]
