ssh://liulu@titan1:22/home/liulu/anaconda3/bin/python3 -u /home/liulu/PycharmProjects/D.S.RL/RL_python/Value_Iteration/run.py
[[ 0. -1. -1. -1.]
 [-1. -1. -1. -1.]
 [-1. -1. -1. -1.]
 [-1. -1. -1. -1.]]
[[ 0. -1. -2. -2.]
 [-1. -2. -2. -2.]
 [-2. -2. -2. -2.]
 [-2. -2. -2. -2.]]
[[ 0. -1. -2. -3.]
 [-1. -2. -3. -3.]
 [-2. -3. -3. -3.]
 [-3. -3. -3. -3.]]
[[ 0. -1. -2. -3.]
 [-1. -2. -3. -4.]
 [-2. -3. -4. -4.]
 [-3. -4. -4. -4.]]
[[ 0. -1. -2. -3.]
 [-1. -2. -3. -4.]
 [-2. -3. -4. -5.]
 [-3. -4. -5. -5.]]
[[ 0. -1. -2. -3.]
 [-1. -2. -3. -4.]
 [-2. -3. -4. -5.]
 [-3. -4. -5. -6.]]
[[ 0. -1. -2. -3.]
 [-1. -2. -3. -4.]
 [-2. -3. -4. -5.]
 [-3. -4. -5. -6.]]
[[ 0. -1. -2. -3.]
 [-1. -2. -3. -4.]
 [-2. -3. -4. -5.]
 [-3. -4. -5. -6.]]
[[ 0. -1. -2. -3.]
 [-1. -2. -3. -4.]
 [-2. -3. -4. -5.]
 [-3. -4. -5. -6.]]
[[ 0. -1. -2. -3.]
 [-1. -2. -3. -4.]
 [-2. -3. -4. -5.]
 [-3. -4. -5. -6.]]
[[ 0. -1. -2. -3.]
 [-1. -2. -3. -4.]
 [-2. -3. -4. -5.]
 [-3. -4. -5. -6.]]
[[ 0. -1. -2. -3.]
 [-1. -2. -3. -4.]
 [-2. -3. -4. -5.]
 [-3. -4. -5. -6.]]
[[ 0. -1. -2. -3.]
 [-1. -2. -3. -4.]
 [-2. -3. -4. -5.]
 [-3. -4. -5. -6.]]
[[ 0. -1. -2. -3.]
 [-1. -2. -3. -4.]
 [-2. -3. -4. -5.]
 [-3. -4. -5. -6.]]
[[ 0. -1. -2. -3.]
 [-1. -2. -3. -4.]
 [-2. -3. -4. -5.]
 [-3. -4. -5. -6.]]
[[ 0. -1. -2. -3.]
 [-1. -2. -3. -4.]
 [-2. -3. -4. -5.]
 [-3. -4. -5. -6.]]
[[ 0. -1. -2. -3.]
 [-1. -2. -3. -4.]
 [-2. -3. -4. -5.]
 [-3. -4. -5. -6.]]
[[ 0. -1. -2. -3.]
 [-1. -2. -3. -4.]
 [-2. -3. -4. -5.]
 [-3. -4. -5. -6.]]
[[ 0. -1. -2. -3.]
 [-1. -2. -3. -4.]
 [-2. -3. -4. -5.]
 [-3. -4. -5. -6.]]
[[ 0. -1. -2. -3.]
 [-1. -2. -3. -4.]
 [-2. -3. -4. -5.]
 [-3. -4. -5. -6.]]
[[ 0. -1. -2. -3.]
 [-1. -2. -3. -4.]
 [-2. -3. -4. -5.]
 [-3. -4. -5. -6.]]
[[ 0. -1. -2. -3.]
 [-1. -2. -3. -4.]
 [-2. -3. -4. -5.]
 [-3. -4. -5. -6.]]
[[ 0. -1. -2. -3.]
 [-1. -2. -3. -4.]
 [-2. -3. -4. -5.]
 [-3. -4. -5. -6.]]
[[ 0. -1. -2. -3.]
 [-1. -2. -3. -4.]
 [-2. -3. -4. -5.]
 [-3. -4. -5. -6.]]
[[ 0. -1. -2. -3.]
 [-1. -2. -3. -4.]
 [-2. -3. -4. -5.]
 [-3. -4. -5. -6.]]
[[ 0. -1. -2. -3.]
 [-1. -2. -3. -4.]
 [-2. -3. -4. -5.]
 [-3. -4. -5. -6.]]
[[ 0. -1. -2. -3.]
 [-1. -2. -3. -4.]
 [-2. -3. -4. -5.]
 [-3. -4. -5. -6.]]
[[ 0. -1. -2. -3.]
 [-1. -2. -3. -4.]
 [-2. -3. -4. -5.]
 [-3. -4. -5. -6.]]
[[ 0. -1. -2. -3.]
 [-1. -2. -3. -4.]
 [-2. -3. -4. -5.]
 [-3. -4. -5. -6.]]
[[ 0. -1. -2. -3.]
 [-1. -2. -3. -4.]
 [-2. -3. -4. -5.]
 [-3. -4. -5. -6.]]
[[ 0. -1. -2. -3.]
 [-1. -2. -3. -4.]
 [-2. -3. -4. -5.]
 [-3. -4. -5. -6.]]
[[ 0. -1. -2. -3.]
 [-1. -2. -3. -4.]
 [-2. -3. -4. -5.]
 [-3. -4. -5. -6.]]
[[ 0. -1. -2. -3.]
 [-1. -2. -3. -4.]
 [-2. -3. -4. -5.]
 [-3. -4. -5. -6.]]
[[ 0. -1. -2. -3.]
 [-1. -2. -3. -4.]
 [-2. -3. -4. -5.]
 [-3. -4. -5. -6.]]
[[ 0. -1. -2. -3.]
 [-1. -2. -3. -4.]
 [-2. -3. -4. -5.]
 [-3. -4. -5. -6.]]
[[ 0. -1. -2. -3.]
 [-1. -2. -3. -4.]
 [-2. -3. -4. -5.]
 [-3. -4. -5. -6.]]
[[ 0. -1. -2. -3.]
 [-1. -2. -3. -4.]
 [-2. -3. -4. -5.]
 [-3. -4. -5. -6.]]
[[ 0. -1. -2. -3.]
 [-1. -2. -3. -4.]
 [-2. -3. -4. -5.]
 [-3. -4. -5. -6.]]
[[ 0. -1. -2. -3.]
 [-1. -2. -3. -4.]
 [-2. -3. -4. -5.]
 [-3. -4. -5. -6.]]
[[ 0. -1. -2. -3.]
 [-1. -2. -3. -4.]
 [-2. -3. -4. -5.]
 [-3. -4. -5. -6.]]
[[ 0. -1. -2. -3.]
 [-1. -2. -3. -4.]
 [-2. -3. -4. -5.]
 [-3. -4. -5. -6.]]
[[ 0. -1. -2. -3.]
 [-1. -2. -3. -4.]
 [-2. -3. -4. -5.]
 [-3. -4. -5. -6.]]
[[ 0. -1. -2. -3.]
 [-1. -2. -3. -4.]
 [-2. -3. -4. -5.]
 [-3. -4. -5. -6.]]
[[ 0. -1. -2. -3.]
 [-1. -2. -3. -4.]
 [-2. -3. -4. -5.]
 [-3. -4. -5. -6.]]
[[ 0. -1. -2. -3.]
 [-1. -2. -3. -4.]
 [-2. -3. -4. -5.]
 [-3. -4. -5. -6.]]
[[ 0. -1. -2. -3.]
 [-1. -2. -3. -4.]
 [-2. -3. -4. -5.]
 [-3. -4. -5. -6.]]
[[ 0. -1. -2. -3.]
 [-1. -2. -3. -4.]
 [-2. -3. -4. -5.]
 [-3. -4. -5. -6.]]
[[ 0. -1. -2. -3.]
 [-1. -2. -3. -4.]
 [-2. -3. -4. -5.]
 [-3. -4. -5. -6.]]
[[ 0. -1. -2. -3.]
 [-1. -2. -3. -4.]
 [-2. -3. -4. -5.]
 [-3. -4. -5. -6.]]
[[ 0. -1. -2. -3.]
 [-1. -2. -3. -4.]
 [-2. -3. -4. -5.]
 [-3. -4. -5. -6.]]
[[ 0. -1. -2. -3.]
 [-1. -2. -3. -4.]
 [-2. -3. -4. -5.]
 [-3. -4. -5. -6.]]
[[ 0. -1. -2. -3.]
 [-1. -2. -3. -4.]
 [-2. -3. -4. -5.]
 [-3. -4. -5. -6.]]
[[ 0. -1. -2. -3.]
 [-1. -2. -3. -4.]
 [-2. -3. -4. -5.]
 [-3. -4. -5. -6.]]
[[ 0. -1. -2. -3.]
 [-1. -2. -3. -4.]
 [-2. -3. -4. -5.]
 [-3. -4. -5. -6.]]
[[ 0. -1. -2. -3.]
 [-1. -2. -3. -4.]
 [-2. -3. -4. -5.]
 [-3. -4. -5. -6.]]
[[ 0. -1. -2. -3.]
 [-1. -2. -3. -4.]
 [-2. -3. -4. -5.]
 [-3. -4. -5. -6.]]
[[ 0. -1. -2. -3.]
 [-1. -2. -3. -4.]
 [-2. -3. -4. -5.]
 [-3. -4. -5. -6.]]
[[ 0. -1. -2. -3.]
 [-1. -2. -3. -4.]
 [-2. -3. -4. -5.]
 [-3. -4. -5. -6.]]
[[ 0. -1. -2. -3.]
 [-1. -2. -3. -4.]
 [-2. -3. -4. -5.]
 [-3. -4. -5. -6.]]
[[ 0. -1. -2. -3.]
 [-1. -2. -3. -4.]
 [-2. -3. -4. -5.]
 [-3. -4. -5. -6.]]
[[ 0. -1. -2. -3.]
 [-1. -2. -3. -4.]
 [-2. -3. -4. -5.]
 [-3. -4. -5. -6.]]
[[ 0. -1. -2. -3.]
 [-1. -2. -3. -4.]
 [-2. -3. -4. -5.]
 [-3. -4. -5. -6.]]
[[ 0. -1. -2. -3.]
 [-1. -2. -3. -4.]
 [-2. -3. -4. -5.]
 [-3. -4. -5. -6.]]
[[ 0. -1. -2. -3.]
 [-1. -2. -3. -4.]
 [-2. -3. -4. -5.]
 [-3. -4. -5. -6.]]
[[ 0. -1. -2. -3.]
 [-1. -2. -3. -4.]
 [-2. -3. -4. -5.]
 [-3. -4. -5. -6.]]
[[ 0. -1. -2. -3.]
 [-1. -2. -3. -4.]
 [-2. -3. -4. -5.]
 [-3. -4. -5. -6.]]
[[ 0. -1. -2. -3.]
 [-1. -2. -3. -4.]
 [-2. -3. -4. -5.]
 [-3. -4. -5. -6.]]
[[ 0. -1. -2. -3.]
 [-1. -2. -3. -4.]
 [-2. -3. -4. -5.]
 [-3. -4. -5. -6.]]
[[ 0. -1. -2. -3.]
 [-1. -2. -3. -4.]
 [-2. -3. -4. -5.]
 [-3. -4. -5. -6.]]
[[ 0. -1. -2. -3.]
 [-1. -2. -3. -4.]
 [-2. -3. -4. -5.]
 [-3. -4. -5. -6.]]
[[ 0. -1. -2. -3.]
 [-1. -2. -3. -4.]
 [-2. -3. -4. -5.]
 [-3. -4. -5. -6.]]
[[ 0. -1. -2. -3.]
 [-1. -2. -3. -4.]
 [-2. -3. -4. -5.]
 [-3. -4. -5. -6.]]
[[ 0. -1. -2. -3.]
 [-1. -2. -3. -4.]
 [-2. -3. -4. -5.]
 [-3. -4. -5. -6.]]
[[ 0. -1. -2. -3.]
 [-1. -2. -3. -4.]
 [-2. -3. -4. -5.]
 [-3. -4. -5. -6.]]
[[ 0. -1. -2. -3.]
 [-1. -2. -3. -4.]
 [-2. -3. -4. -5.]
 [-3. -4. -5. -6.]]
[[ 0. -1. -2. -3.]
 [-1. -2. -3. -4.]
 [-2. -3. -4. -5.]
 [-3. -4. -5. -6.]]
[[ 0. -1. -2. -3.]
 [-1. -2. -3. -4.]
 [-2. -3. -4. -5.]
 [-3. -4. -5. -6.]]
[[ 0. -1. -2. -3.]
 [-1. -2. -3. -4.]
 [-2. -3. -4. -5.]
 [-3. -4. -5. -6.]]
[[ 0. -1. -2. -3.]
 [-1. -2. -3. -4.]
 [-2. -3. -4. -5.]
 [-3. -4. -5. -6.]]
[[ 0. -1. -2. -3.]
 [-1. -2. -3. -4.]
 [-2. -3. -4. -5.]
 [-3. -4. -5. -6.]]
[[ 0. -1. -2. -3.]
 [-1. -2. -3. -4.]
 [-2. -3. -4. -5.]
 [-3. -4. -5. -6.]]
[[ 0. -1. -2. -3.]
 [-1. -2. -3. -4.]
 [-2. -3. -4. -5.]
 [-3. -4. -5. -6.]]
[[ 0. -1. -2. -3.]
 [-1. -2. -3. -4.]
 [-2. -3. -4. -5.]
 [-3. -4. -5. -6.]]
[[ 0. -1. -2. -3.]
 [-1. -2. -3. -4.]
 [-2. -3. -4. -5.]
 [-3. -4. -5. -6.]]
[[ 0. -1. -2. -3.]
 [-1. -2. -3. -4.]
 [-2. -3. -4. -5.]
 [-3. -4. -5. -6.]]
[[ 0. -1. -2. -3.]
 [-1. -2. -3. -4.]
 [-2. -3. -4. -5.]
 [-3. -4. -5. -6.]]
[[ 0. -1. -2. -3.]
 [-1. -2. -3. -4.]
 [-2. -3. -4. -5.]
 [-3. -4. -5. -6.]]
[[ 0. -1. -2. -3.]
 [-1. -2. -3. -4.]
 [-2. -3. -4. -5.]
 [-3. -4. -5. -6.]]
[[ 0. -1. -2. -3.]
 [-1. -2. -3. -4.]
 [-2. -3. -4. -5.]
 [-3. -4. -5. -6.]]
[[ 0. -1. -2. -3.]
 [-1. -2. -3. -4.]
 [-2. -3. -4. -5.]
 [-3. -4. -5. -6.]]
[[ 0. -1. -2. -3.]
 [-1. -2. -3. -4.]
 [-2. -3. -4. -5.]
 [-3. -4. -5. -6.]]
[[ 0. -1. -2. -3.]
 [-1. -2. -3. -4.]
 [-2. -3. -4. -5.]
 [-3. -4. -5. -6.]]
[[ 0. -1. -2. -3.]
 [-1. -2. -3. -4.]
 [-2. -3. -4. -5.]
 [-3. -4. -5. -6.]]
[[ 0. -1. -2. -3.]
 [-1. -2. -3. -4.]
 [-2. -3. -4. -5.]
 [-3. -4. -5. -6.]]
[[ 0. -1. -2. -3.]
 [-1. -2. -3. -4.]
 [-2. -3. -4. -5.]
 [-3. -4. -5. -6.]]
[[ 0. -1. -2. -3.]
 [-1. -2. -3. -4.]
 [-2. -3. -4. -5.]
 [-3. -4. -5. -6.]]
[[ 0. -1. -2. -3.]
 [-1. -2. -3. -4.]
 [-2. -3. -4. -5.]
 [-3. -4. -5. -6.]]
[[ 0. -1. -2. -3.]
 [-1. -2. -3. -4.]
 [-2. -3. -4. -5.]
 [-3. -4. -5. -6.]]
[[ 0. -1. -2. -3.]
 [-1. -2. -3. -4.]
 [-2. -3. -4. -5.]
 [-3. -4. -5. -6.]]
[[ 0. -1. -2. -3.]
 [-1. -2. -3. -4.]
 [-2. -3. -4. -5.]
 [-3. -4. -5. -6.]]

Process finished with exit code 0
